1866.0
2079.5
2076.0
2087.0
2103.5
2072.0
2047.5
2030.5
2055.0
2082.5
2051.0
2033.5
2093.0
2082.5
2082.5
2103.5
2041.0
2026.5
2097.0
1992.0
2072.0
2093.0
2072.0
2051.0
2051.0
2058.0
2034.0
2047.5
2044.0
2076.0
2065.0
2051.0
2047.5
2076.0
2069.0
2041.0
2075.5
2101.0
2097.0
2065.0
2055.5
2054.5
2019.5
2044.0
2033.5
2079.5
2024.0
2075.5
2040.5
2044.5
2051.0
2104.0
2016.0
2061.5
2047.5
2058.5
2040.5
2065.5
2100.5
2068.5
2031.0
2051.0
2072.0
2044.0
2082.5
2075.5
2045.0
2100.0
2073.0
2034.0
2118.0
2040.5
2044.0
2079.5
2058.0
2044.5
2089.5
2072.5
2051.5
2054.5
2054.5
2079.5
2044.5
2107.0
2027.0
2051.0
2086.0
2054.5
2093.5
2009.0
2037.0
2080.5
2037.0
2023.0
1995.5
2058.0
2079.5
2040.5
2086.0
2065.0
2079.5
2041.0
2066.5
2023.5
2026.5
2082.5
2076.0
2051.0
2044.5
2061.5
2058.0
2030.5
2076.0
2114.0
2012.5
2082.5
2047.5
2082.5
2040.5
2076.5
2072.5
2075.5
2075.5
2110.5
2093.0
2038.0
2040.5
2058.0
2026.5
2051.0
2051.0
2054.5
2048.0
2040.5
2044.0
2068.5
2044.0
2020.0
2047.5
2111.0
2037.0
2044.0
2059.0
2033.5
2087.5
2065.0
2055.0
2061.5
2065.0
2051.0
2093.0
2062.0
2044.5
2076.5
2059.0
2055.0
2051.5
2093.0
2016.0
2051.0
2086.0
2054.5
2037.0
2111.0
2065.0
2058.0
2083.0
2094.0
2054.5
2068.5
2079.0
2072.0
2079.0
2041.0
2020.0
2040.5
2065.0
2044.0
2047.5
2090.0
2086.5
2068.5
2055.5
2040.5
2024.0
2068.5
2016.5
2069.0
2054.5
2065.0
2048.0
2037.0
2073.0
2026.5
2037.5
2009.0
2027.0
2079.5
2065.0
2051.0
2034.0
2062.0
2100.0
2019.5
2055.0
2065.5
2065.0
2048.0
2089.5
2047.5
2019.5
2037.5
2058.0
2058.5
2045.0
2065.0
2037.5
2054.5
2030.5
2076.0
2058.0
2016.0
2072.0
2058.5
2096.5
2108.0
2068.5
2065.0
2065.0
2068.5
2097.0
2048.0
2069.0
2065.0
2030.0
2017.0
2068.5
2033.5
2051.5
2076.0
2096.5
2058.0
2090.5
2026.5
2051.0
2054.5
2061.5
2047.5
2069.0
2058.0
2075.5
2107.0
2031.0
2051.0
2026.5
2079.0
2072.5
2068.5
2072.0
2079.0
2034.0
2069.5
2072.0
2086.5
2072.5
2034.0
2069.0
2072.5
2055.5
2023.5
2033.5
2058.5
2068.5
2034.0
2033.5
2083.0
2103.5
2027.0
2075.5
2075.5
2051.5
2028.0
2026.5
2026.5
2073.5
2065.0
2068.5
2061.5
2093.0
2055.0
2054.5
2041.0
2044.0
2030.5
2110.5
2059.0
2034.0
2012.5
2075.5
2082.5
2051.0
2062.5
2035.0
2051.0
2069.5
2066.0
2125.0
2044.5
2051.5
2044.5
2065.5
2054.5
2033.5
2038.0
2075.5
2047.5
2044.0
2079.0
2054.5
2047.5
2069.5
2044.5
2058.5
2058.0
2069.5
2058.0
2072.0
2030.0
2054.5
2062.0
2065.0
2068.5
2037.5
2079.5
2016.0
2049.5
2048.0
2093.5
2107.0
2093.5
2069.0
2030.0
2051.5
2026.5
2089.5
2045.0
2058.0
2052.0
2089.5
2030.0
2026.5
2054.5
2041.0
2047.5
2055.0
2033.5
2065.5
2107.5
2038.5
2047.5
2052.0
2044.0
2040.5
2055.0
2096.5
2058.5
2093.0
2034.0
2026.5
2047.5
2051.0
2033.5
2058.0
2048.0
2040.5
2019.5
2040.5
2069.0
2068.5
2045.0
2037.0
2058.5
2031.0
2038.0
2076.5
2072.0
2065.0
2044.0
2033.5
2030.5
2033.5
2047.5
2054.5
2037.5
2093.0
2044.0
2062.0
2058.0
2070.0
2051.5
2072.0
2065.0
2086.0
2051.0
2058.5
2034.0
2080.0
2072.0
2054.5
2051.0
2041.0
2072.5
2069.0
2047.5
2058.0
2086.0
2048.0
2068.5
2097.0
2072.5
2041.0
2075.5
2019.5
2041.5
2047.5
2044.0
2055.5
2027.0
2055.5
2023.5
2044.0
2072.0
2104.5
2017.0
2072.5
2058.0
2114.5
2034.0
1992.0
2117.5
2040.5
2061.5
2093.0
2044.0
2055.0
2034.5
2034.0
2054.5
2020.5
2051.0
2086.0
2065.0
2075.5
2111.0
2040.5
2072.0
2030.5
2054.5
2051.0
2051.0
2047.5
2062.0
2058.0
2075.5
2051.0
2075.5
2041.0
2058.0
2065.0
2061.5
2041.0
2047.5
2079.5
2082.5
2054.5
2077.0
2114.5
2073.0
2062.0
2044.5
2062.0
2089.5
2065.0
2082.5
2044.0
2023.0
2079.5
2023.5
2040.5
2009.5
2068.5
2017.0
2069.0
2079.0
2030.0
2100.0
2072.0
2061.5
2041.5
2005.5
2058.0
2058.0
2061.5
2051.0
2058.5
2062.0
2086.5
2044.0
2089.5
2047.5
2041.5
2065.5
2072.5
2069.5
2086.0
2037.0
2073.0
2027.0
2026.5
2075.5
2051.5
2075.5
1981.5
2045.0
2058.5
2040.5
2040.5
2058.5
2065.0
2065.5
2079.0
2048.0
2124.5
2047.5
2072.0
2041.0
2104.0
2083.0
2044.0
2027.0
2054.5
2040.5
2051.0
2065.0
2058.5
2107.5
2005.5
2089.5
1992.5
2037.0
2097.0
2075.5
2073.0
2051.0
2048.0
2075.5
2009.0
2027.5
2079.0
2069.0
2030.5
2051.0
2030.0
2041.0
2023.0
2065.0
2054.5
2079.0
2051.0
2103.5
2062.0
2086.5
2054.5
2100.0
2048.5
1995.5
2012.5
2087.0
2047.5
2058.0
2103.5
2026.5
2019.5
2096.5
2100.0
2048.0
2096.5
2068.5
2061.5
2089.5
2058.0
2072.0
2023.5
2082.5
2040.5
2062.0
2096.5
2082.5
2023.5
2061.5
2024.0
2037.5
2009.0
2054.5
2051.0
2040.5
2061.5
2062.0
2068.5
2068.5
2037.5
2093.0
2079.5
2044.0
2093.0
2058.0
2009.5
2058.5
2079.5
2086.0
2016.0
2054.5
2083.5
2044.5
2065.0
2061.5
2066.0
2034.0
2072.0
2037.0
2072.0
2041.5
2048.5
2037.0
2072.0
2073.5
2100.5
2047.5
2047.5
2066.0
2079.5
2075.5
2086.0
2065.0
2040.5
2100.0
2058.0
2030.5
2016.5
2044.5
2068.5
2090.5
2076.0
2075.5
2047.5
2079.0
2052.0
2080.0
2075.5
2061.5
2044.5
2082.5
2082.5
2040.5
2065.0
2068.5
2086.0
2037.0
2031.0
2089.5
2027.5
2075.5
2030.5
2072.5
2086.0
2051.5
2058.0
2044.0
2037.5
2037.5
2093.0
2065.5
2030.5
2110.5
2037.0
2055.0
2107.5
2044.0
2040.5
2090.0
2017.0
2072.5
2051.0
2034.5
2061.5
2089.5
2072.0
2086.0
2079.5
2079.5
2062.5
2107.0
2082.5
2033.5
2058.0
2107.0
2037.5
2082.5
2051.0
2065.0
2037.0
2040.5
2072.0
2072.0
2082.5
2117.5
2086.0
2082.5
2107.0
2024.0
2044.5
2100.0
2062.0
2009.0
2079.0
2083.0
2031.0
2061.5
2089.5
2096.5
2030.5
2079.5
2079.5
2037.0
2047.5
2047.5
2051.5
2037.0
2023.0
2037.0
2079.0
2058.0
2030.0
2055.0
2072.0
2058.0
2068.5
2044.5
2019.5
2026.5
2054.5
2023.5
2066.0
2051.0
2055.5
2066.0
2040.5
2020.0
2044.0
2100.0
2041.0
2027.0
2083.0
2058.5
2002.5
2051.5
2058.0
2027.0
2090.0
2089.5
2065.0
2047.5
2065.0
2048.5
2096.5
2114.5
2076.5
2086.0
2093.0
2048.0
2037.0
2100.5
2051.5
2073.0
2016.0
2044.5
2054.5
2044.5
2030.0
2037.0
2034.0
2054.5
2061.5
2044.0
2061.5
2044.0
2090.0
2068.5
2030.0
2062.0
2012.5
2065.0
2041.0
2114.0
2030.0
2058.0
2062.5
2096.5
2079.5
2065.5
2072.0
2026.5
2037.5
2030.5
2040.5
2100.5
2037.0
2072.0
2054.5
2044.0
2072.0
2089.5
2054.5
2058.0
2019.5
2090.5
2086.0
2065.5
2072.0
2065.5
2051.5
2023.0
2034.0
2075.5
2061.5
2065.5
2062.0
2002.0
2033.5
2058.5
2079.0
2072.5
2034.5
2044.5
2016.0
2079.5
2079.5
2051.0
2012.5
2082.5
2019.5
2051.0
2045.0
2054.5
2044.5
2065.0
2061.5
2068.5
2076.0
2080.0
2069.0
2034.0
2083.0
2069.0
2037.5
2083.0
2055.0
2033.5
2051.0
2054.5
2058.5
2115.0
2072.0
2041.0
2065.5
2079.5
2086.0
2030.0
2065.0
2048.0
2037.0
2037.5
2045.0
2083.0
2027.0
2124.5
2104.0
2047.5
2051.0
2051.0
2089.5
2051.5
2020.0
2044.0
2055.0
2068.5
2023.0
2037.0
2044.0
2040.5
2047.5
2082.5
2100.5
2056.0
2072.5
2054.5
2080.0
2034.0
2073.5
2051.5
2044.0
2062.0
2058.0
2114.5
2090.0
2048.0
2044.0
2096.5
2086.5
2072.0
2048.0
2082.5
2058.5
2051.5
2068.5
2070.0
2023.0
2027.5
2055.5
2044.0
2044.0
2079.5
2058.0
2079.0
2038.0
2048.0
2044.5
2065.0
2062.0
2111.0
2037.5
2069.0
2037.0
2055.0
2044.0
2058.5
2031.0
2048.0
2023.5
2058.0
2065.0
2065.0
2037.0
2037.0
2045.0
1988.0
2033.5
2068.5
2083.5
2061.5
2051.0
2103.5
2037.5
2068.5
2076.0
2075.5
2086.0
2068.5
2072.0
2065.5
2086.0
2055.0
2065.0
2079.0
2051.0
2076.0
2044.5
2062.5
2083.0
2068.5
2068.5
2051.0
2044.5
2037.0
2076.0
2093.5
2044.0
2062.0
2058.0
2089.5
2065.5
2020.0
2037.0
2030.0
2055.0
2040.5
2054.5
2076.0
2030.0
2048.0
